100 3000 10
0 0 99 99
18 73 17 73
33 16 33 17
98 58 98 59
84 49 85 49
13 63 12 63
50 56 49 56
90 58 90 57
93 30 92 30
41 4 40 4
4 84 3 84
49 88 50 88
55 93 54 93
68 29 68 30
64 71 65 71
45 30 46 30
98 59 98 58
3 54 2 54
24 81 24 80
16 96 16 95
93 92 93 93
65 86 66 86
39 37 39 38
65 51 64 51
62 32 62 33
54 86 55 86
47 71 47 70
12 57 11 57
21 67 21 68
48 63 47 63
61 6 61 5
91 79 91 80
83 22 84 22
65 30 64 30
26 70 27 70
52 66 52 65
74 46 74 47
35 85 34 85
50 95 51 95
67 72 68 72
55 8 55 9
47 73 48 73
65 53 65 54
46 54 46 53
1 69 1 68
59 77 58 77
30 82 31 82
71 75 72 75
12 71 12 70
5 87 4 87
11 3 11 4
2 97 2 96
32 35 31 35
80 24 80 23
38 9 39 9
21 33 22 33
85 35 85 34
59 90 59 89
64 61 63 61
4 40 4 41
44 54 45 54
34 14 34 13
94 66 95 66
78 56 77 56
29 3 29 4
19 5 20 5
58 91 58 92
70 29 70 30
29 68 28 68
51 87 51 86
85 81 85 82
8 95 8 94
17 28 16 28
40 10 39 10
40 39 41 39
54 73 54 72
17 2 16 2
76 28 76 29
22 91 21 91
49 26 49 25
13 27 13 28
76 25 76 26
14 86 14 87
38 65 38 66
3 42 3 43
37 3 38 3
26 42 27 42
44 55 45 55
35 87 34 87
49 71 49 70
88 69 88 70
69 31 68 31
93 6 92 6
18 22 19 22
69 28 69 27
98 43 98 42
48 44 48 43
15 38 16 38
78 92 78 93
18 75 17 75
42 6 42 7
10 49 11 49
17 44 16 44
79 76 79 77
10 74 11 74
73 11 73 10
47 38 46 38
59 36 58 36
6 38 5 38
79 86 78 86
12 53 11 53
6 25 7 25
76 54 77 54
15 58 16 58
88 31 89 31
96 14 96 15
49 70 49 69
71 33 71 34
41 13 42 13
84 41 83 41
4 2 4 1
93 77 93 76
58 51 58 50
52 9 51 9
41 77 41 78
15 33 16 33
80 70 80 71
85 46 85 45
24 70 25 70
40 26 41 26
47 11 47 10
12 97 12 98
12 84 12 83
30 50 30 49
6 42 7 42
41 75 41 74
32 43 31 43
70 79 69 79
32 29 31 29
32 52 31 52
35 71 34 71
94 10 93 10
82 2 82 1
97 46 97 47
61 20 60 20
65 42 64 42
66 86 67 86
23 20 24 20
41 40 40 40
91 66 91 65
17 27 18 27
70 93 69 93
41 80 42 80
23 39 23 40
69 21 68 21
92 86 93 86
33 9 33 10
56 71 56 70
70 57 70 58
2 51 2 50
22 34 22 35
4 83 4 84
74 3 73 3
89 46 90 46
76 17 77 17
34 36 34 37
73 52 74 52
79 12 80 12
63 1 64 1
68 41 68 42
88 82 89 82
31 41 31 42
88 62 89 62
92 53 92 52
72 79 72 78
83 29 82 29
10 98 10 97
21 66 22 66
40 39 40 38
71 48 72 48
90 90 90 91
77 11 76 11
78 66 78 67
23 20 23 19
55 28 54 28
64 88 64 89
92 82 92 81
50 66 51 66
70 94 69 94
68 12 68 11
81 13 81 12
95 11 96 11
79 85 78 85
57 31 57 32
56 51 57 51
42 57 43 57
80 63 81 63
16 56 16 57
16 85 16 84
36 32 36 33
96 72 95 72
25 68 25 69
75 3 74 3
81 78 82 78
34 27 35 27
37 19 38 19
35 40 35 39
88 58 89 58
70 46 70 47
54 16 55 16
74 50 75 50
37 14 36 14
16 73 15 73
70 38 71 38
10 65 10 64
74 40 74 41
65 87 65 86
98 68 98 67
1 16 1 17
92 58 92 57
40 70 40 71
44 94 44 95
15 83 15 84
49 27 48 27
36 82 37 82
60 77 60 78
96 92 96 91
90 22 90 23
80 86 81 86
47 68 46 68
87 50 87 51
52 44 51 44
64 96 65 96
82 84 82 83
81 3 81 4
93 81 94 81
82 51 82 50
23 10 22 10
45 34 45 35
88 70 88 69
20 60 20 59
63 22 63 23
66 6 66 5
66 13 66 14
9 46 8 46
85 57 84 57
22 65 23 65
89 12 89 13
82 89 82 88
78 39 79 39
68 27 69 27
43 35 42 35
10 90 10 89
60 66 59 66
22 39 22 38
46 79 47 79
51 72 51 73
23 62 23 61
79 43 80 43
34 79 35 79
85 4 85 5
41 56 42 56
35 25 34 25
81 94 82 94
75 57 76 57
78 34 78 35
68 21 69 21
18 92 18 93
47 40 47 41
31 15 32 15
92 88 92 87
9 14 10 14
51 42 51 43
13 24 12 24
8 77 7 77
97 28 96 28
64 91 64 92
44 85 44 84
16 79 17 79
13 29 13 30
30 64 30 65
49 97 50 97
30 31 30 30
60 71 60 72
28 58 28 57
43 64 42 64
28 11 27 11
2 1 2 2
41 50 41 49
26 52 27 52
98 83 99 83
4 2 4 3
19 86 18 86
73 49 73 48
17 11 17 12
84 39 83 39
5 69 4 69
68 17 67 17
36 16 36 17
12 25 11 25
64 82 65 82
96 36 97 36
85 58 85 59
43 81 43 80
34 83 35 83
32 8 33 8
45 55 44 55
46 71 46 72
69 26 69 27
85 9 85 8
96 79 95 79
33 23 32 23
20 8 21 8
55 6 54 6
82 12 82 13
65 48 64 48
41 6 42 6
69 5 69 6
86 17 86 18
98 91 98 92
4 95 4 94
12 33 12 32
11 39 10 39
50 8 50 7
41 95 42 95
34 49 33 49
87 39 86 39
55 32 56 32
43 44 43 45
75 62 74 62
17 84 17 85
68 72 67 72
38 96 39 96
26 48 26 49
67 42 66 42
53 45 54 45
74 9 73 9
39 84 39 83
54 39 54 38
46 35 46 34
96 96 95 96
68 16 69 16
41 94 41 93
42 74 41 74
58 36 58 37
59 47 59 48
11 75 10 75
18 7 18 8
74 33 75 33
90 74 90 73
47 83 47 82
52 40 52 41
77 44 78 44
4 19 4 18
88 29 89 29
15 24 15 25
94 80 93 80
13 70 13 69
92 14 93 14
34 9 33 9
10 28 11 28
66 56 65 56
76 48 76 49
91 37 92 37
26 77 26 78
31 55 31 56
87 47 88 47
62 93 61 93
33 53 34 53
2 96 2 97
66 63 65 63
52 79 52 80
6 46 6 47
1 25 1 24
90 89 89 89
70 16 70 15
66 96 66 95
70 83 70 82
68 53 68 54
78 81 78 80
58 39 59 39
65 57 66 57
71 21 71 20
82 2 82 3
95 85 94 85
48 54 48 55
37 85 36 85
12 12 11 12
50 35 50 36
35 48 35 49
44 50 44 51
15 62 15 61
19 54 20 54
3 23 3 22
48 17 48 16
53 34 53 33
95 54 95 53
56 43 56 44
28 92 28 93
52 92 52 93
12 9 13 9
27 20 28 20
94 4 93 4
33 20 33 21
13 52 14 52
1 12 1 13
79 7 80 7
69 55 69 54
7 84 6 84
95 71 95 72
86 95 85 95
34 88 34 87
23 62 22 62
28 87 27 87
50 16 50 17
38 88 38 89
51 15 51 16
14 20 14 21
79 90 80 90
22 67 22 66
54 96 54 95
64 82 65 82
98 80 98 79
63 14 62 14
97 94 97 93
91 35 90 35
70 81 70 82
39 98 38 98
30 66 30 65
35 91 36 91
53 19 54 19
33 25 33 26
72 81 71 81
69 78 70 78
53 35 53 34
62 90 62 89
35 63 36 63
64 48 64 49
31 44 32 44
78 98 79 98
95 75 95 76
69 20 68 20
65 42 66 42
83 98 84 98
41 80 41 81
62 43 61 43
17 18 17 17
29 12 28 12
73 23 72 23
29 73 30 73
65 73 65 72
55 42 54 42
3 40 4 40
11 96 12 96
36 88 36 87
35 77 35 78
3 16 3 15
45 18 44 18
33 19 32 19
45 10 44 10
93 14 93 13
41 32 41 31
68 7 68 6
4 11 5 11
52 48 53 48
13 87 13 86
36 2 36 1
15 46 16 46
78 35 78 36
12 87 12 88
73 54 73 55
39 29 39 28
71 18 70 18
77 66 76 66
23 31 24 31
56 36 55 36
33 69 33 68
68 34 68 35
17 52 16 52
96 48 95 48
84 70 84 69
70 72 69 72
80 40 80 41
88 17 89 17
10 75 11 75
87 28 87 29
43 47 43 46
21 20 21 21
57 52 56 52
77 19 77 18
38 86 37 86
69 2 70 2
49 96 48 96
59 4 59 5
77 87 77 88
36 48 36 49
52 78 52 79
7 13 7 14
5 83 4 83
6 15 7 15
68 66 68 65
71 35 71 34
61 90 62 90
80 31 79 31
72 46 73 46
15 6 15 5
55 94 55 93
33 85 32 85
79 56 79 57
49 46 49 45
97 44 97 45
90 31 91 31
8 44 7 44
66 23 66 24
44 97 43 97
75 3 75 4
27 50 28 50
51 92 52 92
13 32 13 31
43 85 44 85
87 60 87 61
48 64 49 64
56 57 56 58
70 16 70 17
35 17 36 17
2 49 2 50
14 4 13 4
24 59 24 60
86 65 86 64
20 20 19 20
33 3 33 4
51 82 52 82
69 90 69 91
1 70 2 70
55 21 56 21
44 85 45 85
10 69 11 69
23 49 22 49
66 28 66 29
31 6 32 6
90 65 89 65
32 51 32 52
16 73 15 73
50 12 49 12
83 62 82 62
67 31 66 31
3 40 3 41
36 93 36 94
22 77 23 77
72 91 72 90
69 82 69 83
65 54 66 54
90 51 90 52
26 64 26 63
47 20 47 19
73 36 74 36
93 80 92 80
94 47 94 46
19 34 19 33
33 45 33 46
36 73 36 74
2 20 3 20
33 29 34 29
10 75 11 75
70 55 71 55
74 18 74 19
51 92 52 92
11 81 10 81
20 86 19 86
4 96 4 97
49 54 50 54
76 77 77 77
87 69 86 69
31 49 32 49
37 26 37 27
46 96 47 96
29 39 30 39
45 63 45 62
12 66 12 65
27 91 27 92
3 38 2 38
79 48 79 49
33 80 32 80
7 41 8 41
17 81 16 81
15 56 16 56
96 27 96 28
16 91 17 91
50 85 51 85
92 75 92 74
93 1 92 1
26 98 26 99
85 62 86 62
35 5 36 5
86 86 87 86
53 36 53 37
52 35 52 36
13 86 14 86
24 72 23 72
59 97 58 97
63 28 63 29
94 69 94 68
32 13 31 13
87 96 86 96
55 57 56 57
23 77 24 77
66 50 66 49
26 30 26 29
85 76 84 76
44 7 44 8
6 79 7 79
19 37 19 38
6 75 5 75
73 51 72 51
52 66 52 65
51 35 51 34
61 7 61 8
3 55 3 54
76 96 76 95
20 77 20 76
9 78 9 77
54 51 53 51
74 75 73 75
5 74 4 74
13 43 13 42
48 97 47 97
82 48 81 48
63 82 62 82
70 58 70 57
65 70 64 70
21 42 21 41
28 19 29 19
76 14 76 15
41 66 41 67
47 44 47 43
78 48 77 48
92 9 93 9
34 97 34 98
71 37 70 37
10 91 11 91
35 53 34 53
17 37 17 36
31 27 30 27
36 93 36 94
7 95 7 94
27 70 26 70
71 41 71 40
38 67 39 67
5 57 5 56
96 5 95 5
41 54 42 54
72 6 72 7
24 26 25 26
15 76 16 76
76 65 75 65
93 35 93 36
26 8 26 7
59 43 59 42
29 82 28 82
2 63 1 63
22 33 21 33
2 30 1 30
68 23 67 23
68 26 69 26
57 37 58 37
63 65 63 64
42 51 41 51
25 77 26 77
25 88 25 87
75 55 75 56
47 3 47 4
3 14 3 15
91 75 91 74
44 10 44 11
25 90 25 91
78 73 78 74
77 88 77 89
78 61 79 61
35 87 35 86
73 98 73 99
78 70 78 69
33 40 32 40
78 97 77 97
59 59 59 58
30 66 30 67
27 90 27 91
43 90 44 90
50 56 49 56
83 15 83 14
2 33 1 33
40 49 39 49
42 44 42 43
76 7 77 7
92 11 92 10
16 86 15 86
17 89 17 88
53 78 53 77
30 4 31 4
97 97 97 96
39 38 39 39
54 68 54 69
10 26 10 27
30 78 29 78
80 31 81 31
32 92 32 93
49 27 50 27
93 39 93 38
1 92 1 91
57 64 58 64
87 19 86 19
48 56 48 55
66 63 66 62
78 15 78 14
71 85 71 84
55 2 55 1
97 12 97 13
15 65 16 65
78 96 78 95
56 48 57 48
7 14 8 14
17 38 16 38
9 28 8 28
87 8 87 9
94 92 93 92
9 8 8 8
5 69 5 68
43 3 42 3
72 28 72 29
26 35 26 34
75 71 75 70
30 24 31 24
51 8 52 8
72 90 72 91
5 43 5 42
53 16 52 16
73 24 72 24
98 24 99 24
29 23 29 22
13 8 13 7
93 19 92 19
57 20 58 20
6 96 6 95
45 8 44 8
57 26 58 26
86 24 85 24
8 26 7 26
96 94 95 94
12 96 13 96
37 92 37 91
68 55 69 55
93 5 93 4
98 25 98 24
45 46 45 47
98 85 98 86
87 50 86 50
55 32 55 33
44 23 43 23
31 10 31 11
36 69 36 68
43 97 43 96
53 59 53 58
46 41 46 42
61 66 60 66
48 17 48 16
22 39 23 39
71 92 72 92
22 59 23 59
18 21 17 21
79 33 80 33
46 83 46 82
22 36 22 37
40 10 40 11
20 71 20 70
58 14 59 14
88 41 87 41
88 24 88 25
69 5 68 5
93 25 93 24
95 47 95 46
65 81 65 80
44 84 43 84
24 49 23 49
35 79 36 79
8 32 8 31
42 73 42 74
32 47 31 47
30 38 29 38
26 13 27 13
29 48 29 47
19 21 20 21
10 40 10 41
57 75 57 76
24 66 24 65
26 56 25 56
36 27 37 27
98 19 99 19
27 3 28 3
63 47 64 47
7 47 6 47
79 31 80 31
12 57 13 57
78 44 79 44
74 89 73 89
28 41 28 42
71 5 70 5
47 64 47 63
18 63 17 63
66 41 66 40
78 41 77 41
62 44 62 45
10 34 9 34
85 83 85 82
3 24 3 23
29 41 29 40
33 40 33 41
54 2 54 1
21 82 21 81
7 15 7 16
56 79 57 79
36 46 36 47
74 37 74 36
87 23 87 22
19 46 18 46
51 46 52 46
51 58 52 58
62 90 63 90
5 94 6 94
11 95 10 95
5 67 5 68
73 62 73 61
67 22 67 23
51 2 51 3
71 93 71 94
22 76 22 75
7 93 7 92
46 57 47 57
89 83 89 82
12 57 12 56
25 21 26 21
57 6 57 5
73 44 74 44
73 63 73 64
2 74 3 74
79 8 79 9
84 21 85 21
52 60 51 60
41 34 42 34
22 43 23 43
24 95 24 94
30 71 30 72
60 59 60 58
22 67 22 66
76 27 76 26
87 20 86 20
44 16 44 17
49 92 50 92
80 57 80 58
69 57 69 56
27 7 26 7
93 14 92 14
69 50 70 50
57 51 58 51
61 58 60 58
76 25 76 26
63 50 63 49
45 97 46 97
77 35 78 35
4 72 3 72
86 9 87 9
58 41 58 42
43 96 42 96
50 7 50 8
36 53 36 54
43 65 42 65
22 52 22 53
79 95 79 96
65 20 65 19
19 45 20 45
79 25 80 25
28 59 29 59
14 90 13 90
55 7 55 8
20 48 20 47
36 51 35 51
50 63 50 64
39 95 39 94
83 75 83 76
41 97 41 96
23 13 23 14
24 58 25 58
59 14 58 14
69 41 69 40
64 87 64 86
93 75 93 74
72 76 72 77
42 63 42 64
69 28 70 28
31 69 32 69
77 32 76 32
42 80 41 80
43 54 42 54
45 47 45 46
77 77 77 78
27 37 28 37
41 51 41 52
86 23 85 23
50 84 50 83
78 79 79 79
30 9 30 8
50 27 50 26
13 56 12 56
45 12 45 13
20 15 21 15
97 44 98 44
49 56 49 55
70 82 70 81
27 25 28 25
22 69 23 69
19 16 19 17
75 67 76 67
56 18 56 17
78 94 78 93
77 18 76 18
46 23 47 23
31 89 31 90
76 63 75 63
84 12 85 12
69 61 70 61
27 47 28 47
36 95 36 94
9 50 9 51
4 68 4 69
26 93 27 93
27 89 26 89
93 90 93 89
6 35 7 35
10 14 9 14
52 43 51 43
58 92 58 93
86 36 87 36
56 48 56 47
97 50 97 51
56 48 57 48
26 9 27 9
31 31 30 31
31 86 31 87
59 79 59 80
73 13 72 13
23 68 22 68
6 56 6 55
54 17 55 17
89 85 89 84
54 44 53 44
65 59 66 59
89 67 89 66
75 8 75 7
16 32 15 32
56 20 55 20
47 17 48 17
37 4 37 5
82 4 82 5
9 97 9 98
12 61 11 61
17 69 17 70
83 78 83 79
31 67 31 68
62 94 62 93
57 15 56 15
27 76 27 75
14 13 14 12
14 26 13 26
89 84 88 84
1 66 1 67
31 12 31 11
63 79 62 79
74 55 74 54
51 81 50 81
86 77 85 77
36 80 36 81
57 29 57 28
42 62 42 63
69 8 69 7
66 23 66 24
59 38 60 38
42 66 42 67
98 86 98 87
88 72 88 73
62 97 63 97
40 3 39 3
19 64 18 64
47 34 47 33
70 39 71 39
14 65 15 65
59 5 59 6
61 94 61 93
70 48 71 48
92 2 93 2
35 80 34 80
60 37 59 37
83 35 82 35
73 52 72 52
13 88 13 87
78 80 78 81
12 79 12 80
68 44 67 44
25 22 24 22
79 15 78 15
16 72 16 71
97 26 98 26
69 20 70 20
28 12 28 11
89 73 89 74
35 79 36 79
37 74 38 74
9 77 9 76
8 3 8 4
79 37 79 38
55 56 54 56
24 28 23 28
82 97 82 98
54 46 54 45
66 19 67 19
29 30 28 30
47 9 47 10
42 28 43 28
33 20 33 21
14 62 13 62
61 40 61 39
90 38 91 38
17 89 17 90
85 5 85 6
59 69 58 69
17 30 17 31
83 13 83 12
90 80 90 81
26 67 26 66
13 32 14 32
63 74 62 74
23 64 23 63
91 83 91 84
52 71 52 72
97 4 97 5
19 55 20 55
8 38 8 39
79 56 78 56
26 77 26 76
62 77 62 78
34 66 33 66
42 20 42 19
87 87 86 87
72 85 71 85
48 59 48 58
97 13 97 12
18 11 18 12
91 49 90 49
62 75 63 75
72 51 72 52
30 66 29 66
49 8 49 9
77 11 78 11
87 6 87 7
11 38 10 38
45 6 44 6
10 6 10 5
46 40 45 40
69 61 69 60
42 22 42 21
68 32 68 31
78 30 79 30
82 90 83 90
40 40 40 39
92 39 91 39
85 62 85 61
85 30 86 30
31 21 30 21
34 52 35 52
18 22 17 22
41 50 42 50
21 5 21 6
28 52 27 52
90 40 91 40
93 82 93 81
66 84 66 85
44 11 43 11
10 30 9 30
68 60 68 61
2 77 3 77
59 56 58 56
25 2 26 2
40 28 40 27
40 34 40 33
35 37 34 37
4 2 4 3
6 27 5 27
41 58 41 57
15 32 14 32
25 4 26 4
82 18 81 18
57 94 56 94
72 30 72 31
23 69 22 69
29 18 28 18
3 18 3 17
74 11 74 10
25 51 24 51
70 36 70 35
34 70 34 71
52 68 52 69
36 12 37 12
98 62 98 63
18 80 19 80
68 4 67 4
41 19 42 19
41 51 40 51
53 94 53 95
65 9 64 9
17 72 17 73
70 50 70 49
76 6 77 6
25 39 25 40
39 67 38 67
73 35 74 35
69 67 70 67
30 12 31 12
62 22 61 22
85 52 85 51
2 20 1 20
6 91 6 92
61 23 62 23
73 60 72 60
85 52 86 52
9 17 9 16
65 61 65 62
66 85 66 84
56 75 57 75
57 34 57 35
46 50 47 50
49 80 48 80
24 88 24 87
10 4 10 5
76 64 75 64
98 59 97 59
81 83 82 83
59 45 58 45
43 87 42 87
36 76 36 75
17 74 18 74
56 88 56 87
92 57 93 57
63 96 63 97
4 65 4 64
16 37 16 36
4 73 3 73
42 81 43 81
29 38 28 38
22 59 22 58
52 82 52 83
87 61 86 61
73 63 72 63
86 5 85 5
3 36 2 36
35 40 36 40
69 62 69 61
3 59 3 58
31 29 31 28
95 92 94 92
3 57 4 57
51 20 52 20
30 11 30 12
6 23 6 22
1 59 2 59
5 55 6 55
33 87 33 88
25 6 25 7
53 52 53 53
35 57 35 56
73 4 72 4
61 94 61 95
21 56 22 56
70 66 71 66
35 53 35 54
37 45 37 46
51 71 51 72
37 31 37 30
70 70 71 70
34 3 33 3
34 91 34 92
21 34 21 33
63 3 64 3
62 15 63 15
20 15 20 16
8 23 7 23
13 60 13 61
4 8 4 7
7 68 7 69
95 83 96 83
46 77 46 78
15 44 15 43
49 84 49 85
38 11 39 11
93 57 93 56
55 56 55 57
76 35 77 35
20 7 20 6
46 49 45 49
81 76 81 75
74 23 75 23
98 93 97 93
69 27 69 28
91 30 91 29
79 68 80 68
27 39 28 39
96 18 96 19
55 63 55 62
91 5 90 5
4 48 5 48
20 28 20 29
57 66 57 65
55 77 55 76
62 44 61 44
76 79 75 79
18 72 18 73
23 12 22 12
9 4 10 4
36 25 36 26
52 92 52 91
90 88 90 87
72 50 71 50
91 51 91 52
31 10 31 9
18 88 17 88
81 91 81 92
82 8 82 7
45 85 44 85
89 80 89 81
41 75 40 75
98 69 98 68
94 51 93 51
75 88 75 89
88 89 87 89
55 52 54 52
73 3 72 3
72 77 72 78
98 45 99 45
52 95 51 95
19 37 19 38
83 22 83 23
93 38 93 37
95 87 94 87
51 70 51 71
19 42 20 42
59 51 60 51
65 83 64 83
78 76 78 77
34 51 34 52
94 5 94 4
21 82 21 81
50 36 49 36
33 2 32 2
86 14 86 15
20 60 21 60
31 6 32 6
11 14 10 14
94 5 93 5
6 33 6 34
19 45 18 45
7 50 8 50
21 69 21 70
22 46 22 47
66 73 67 73
42 68 41 68
81 97 80 97
2 74 2 73
13 58 12 58
1 85 0 85
95 36 95 35
76 80 76 79
59 50 58 50
83 29 83 28
83 86 84 86
66 65 65 65
47 91 47 92
13 56 14 56
36 15 36 14
33 98 34 98
43 80 44 80
72 29 71 29
30 91 30 92
46 83 47 83
53 86 53 85
55 80 55 81
15 33 14 33
68 38 68 37
26 27 27 27
95 31 95 32
45 33 44 33
63 65 64 65
55 98 55 99
12 67 12 66
13 29 12 29
55 52 56 52
15 86 15 87
67 86 68 86
21 28 21 27
47 91 47 90
45 96 45 95
73 97 74 97
4 29 4 28
62 77 61 77
44 3 45 3
90 26 90 25
83 30 82 30
55 89 55 88
89 48 90 48
14 1 14 2
44 74 44 73
88 53 88 52
76 89 76 88
52 97 52 96
46 79 45 79
56 29 56 30
45 37 44 37
14 77 13 77
22 80 23 80
69 57 69 56
55 52 54 52
9 51 10 51
94 76 95 76
61 86 61 87
64 13 64 14
83 22 83 23
28 84 28 83
72 5 72 4
38 18 38 17
83 66 83 65
61 18 61 19
43 67 43 66
27 36 26 36
40 65 40 64
64 39 64 38
21 38 21 37
43 20 43 19
50 87 50 88
85 64 86 64
50 6 49 6
75 27 75 26
7 67 7 66
6 54 5 54
80 81 80 80
17 2 17 1
31 80 31 79
67 56 68 56
67 11 66 11
43 3 43 4
4 22 4 21
86 79 87 79
55 38 56 38
6 5 6 6
50 70 49 70
49 37 49 38
7 30 7 29
54 76 54 77
77 27 76 27
44 82 44 83
84 23 85 23
67 63 66 63
82 54 82 55
28 33 27 33
37 5 37 4
11 24 11 23
97 58 97 59
40 13 40 12
7 62 8 62
33 71 34 71
17 6 17 7
71 2 71 1
1 94 1 95
44 13 44 12
21 77 22 77
10 23 10 24
68 73 67 73
29 52 28 52
86 1 86 2
98 79 99 79
7 95 7 96
84 54 85 54
21 29 20 29
79 58 79 57
86 86 86 85
25 65 25 64
50 32 50 31
80 33 81 33
92 81 92 80
47 75 47 74
65 83 66 83
25 69 24 69
14 28 14 27
22 95 22 94
29 21 28 21
78 29 78 30
34 33 35 33
82 34 82 35
6 5 7 5
93 64 93 65
39 47 39 48
46 80 47 80
37 36 37 35
62 80 63 80
75 46 76 46
50 8 49 8
34 10 34 11
27 59 27 58
6 35 6 34
1 89 1 90
56 56 56 57
97 47 97 48
98 25 98 26
51 38 50 38
11 94 12 94
91 44 91 43
73 55 73 56
16 49 15 49
56 78 57 78
15 30 15 31
50 23 51 23
29 80 28 80
89 45 89 44
65 57 66 57
49 81 49 82
73 24 72 24
65 26 66 26
98 17 97 17
36 72 35 72
1 48 1 47
28 7 28 6
85 87 86 87
17 9 18 9
76 54 76 53
98 17 97 17
25 98 26 98
78 54 79 54
51 70 51 71
23 78 22 78
64 32 65 32
10 88 11 88
32 25 33 25
71 34 70 34
97 74 97 73
11 46 11 45
23 85 23 86
56 72 57 72
17 71 16 71
56 95 56 96
48 29 48 30
87 72 87 73
43 86 44 86
7 7 7 6
80 60 81 60
85 93 85 94
74 48 74 47
20 59 21 59
70 62 70 61
77 27 78 27
78 29 78 28
14 86 13 86
84 30 84 31
66 28 66 27
64 92 63 92
49 27 48 27
40 96 40 95
80 27 80 28
2 98 2 99
42 54 43 54
83 14 84 14
65 7 65 8
21 3 21 4
63 48 63 49
4 83 4 84
50 31 49 31
72 81 71 81
84 26 84 25
5 18 5 19
90 23 90 24
19 19 19 18
65 49 64 49
66 16 65 16
90 50 90 51
47 27 46 27
68 53 69 53
62 26 63 26
31 26 31 25
83 90 83 89
62 79 63 79
98 28 98 27
16 73 15 73
98 5 98 4
12 68 13 68
59 70 58 70
53 93 54 93
70 6 71 6
41 86 41 85
58 96 59 96
52 60 51 60
51 47 50 47
37 28 37 27
48 81 47 81
13 58 13 59
40 90 41 90
39 95 40 95
96 43 96 42
28 6 27 6
3 91 4 91
77 60 77 59
92 5 92 4
76 68 76 67
9 92 10 92
2 17 2 18
45 35 45 36
5 50 4 50
40 89 40 90
97 32 98 32
67 75 67 76
73 34 72 34
1 20 1 21
91 98 92 98
45 10 46 10
72 83 73 83
17 52 18 52
79 89 79 88
25 17 26 17
78 89 77 89
17 5 17 4
35 46 34 46
19 90 18 90
9 59 9 60
92 51 92 50
88 18 88 19
55 97 55 96
58 45 58 44
61 24 61 23
2 40 3 40
89 7 89 8
8 1 7 1
77 60 76 60
82 32 83 32
92 51 92 52
29 76 29 75
24 93 25 93
21 12 21 11
45 12 44 12
72 30 73 30
43 72 43 73
91 11 91 12
74 46 75 46
24 80 23 80
46 24 46 25
79 11 79 12
56 28 55 28
9 86 9 85
43 51 43 50
75 42 75 43
67 80 66 80
25 53 25 52
68 95 68 96
45 89 44 89
58 43 57 43
29 39 29 40
86 87 87 87
25 36 24 36
21 75 21 74
8 85 7 85
35 82 34 82
24 91 24 92
73 32 73 33
56 7 57 7
64 47 64 46
96 49 95 49
73 56 74 56
88 90 89 90
55 63 54 63
76 93 76 92
69 67 70 67
8 91 9 91
25 3 25 2
31 31 31 32
72 54 73 54
31 1 32 1
66 69 65 69
84 20 83 20
4 19 4 18
30 47 30 46
94 18 93 18
33 53 33 52
77 6 76 6
87 59 86 59
94 82 94 81
40 39 40 40
40 50 40 51
38 87 37 87
75 88 74 88
92 14 92 15
10 27 9 27
81 2 82 2
61 10 62 10
44 28 44 27
37 60 37 61
90 72 91 72
90 60 90 61
11 94 10 94
10 39 10 40
27 93 27 92
54 24 54 25
49 94 49 95
29 32 29 33
2 38 2 37
61 64 61 63
97 15 96 15
28 89 28 90
50 28 50 29
8 94 9 94
98 90 98 91
55 48 56 48
9 66 10 66
6 75 7 75
98 65 98 66
84 40 84 39
61 18 60 18
91 58 91 59
86 87 86 86
56 92 56 91
28 35 29 35
86 60 86 61
35 88 35 89
37 36 37 37
9 15 9 14
58 88 58 87
67 30 67 29
32 20 33 20
33 91 34 91
53 4 53 5
51 29 52 29
10 11 11 11
60 78 60 79
29 38 29 39
35 2 35 1
20 16 20 17
37 95 37 94
89 54 88 54
85 96 86 96
13 22 13 23
56 15 55 15
46 83 46 82
40 5 40 4
58 5 58 4
37 72 38 72
34 96 34 95
22 37 22 36
72 12 71 12
17 17 17 18
42 44 42 45
22 38 21 38
97 34 96 34
70 82 69 82
54 70 54 71
4 80 4 81
14 16 13 16
50 12 50 13
28 46 27 46
53 61 53 60
25 2 26 2
61 61 61 60
56 81 55 81
54 58 54 57
12 7 12 8
20 45 21 45
11 59 11 58
15 76 15 75
85 13 86 13
78 41 79 41
21 43 20 43
27 96 27 95
72 75 71 75
63 73 63 74
65 57 65 58
47 67 47 68
23 87 24 87
1 23 1 22
23 84 24 84
27 18 28 18
59 18 58 18
63 65 63 66
51 79 51 80
70 83 70 84
61 36 61 37
17 86 18 86
49 5 49 4
79 18 79 19
28 20 28 21
57 81 56 81
45 91 46 91
86 20 86 19
76 88 76 89
43 20 42 20
85 80 85 81
86 10 85 10
1 4 0 4
12 17 12 16
8 27 8 28
44 88 44 87
85 46 86 46
88 21 88 22
11 46 10 46
55 58 55 57
65 14 64 14
85 8 86 8
53 77 54 77
26 9 27 9
59 66 58 66
42 90 42 89
85 40 86 40
58 7 57 7
37 21 36 21
80 41 79 41
19 33 18 33
30 33 30 34
64 25 63 25
17 37 16 37
83 31 84 31
87 23 88 23
76 79 76 80
14 1 15 1
73 47 74 47
35 13 34 13
39 30 39 31
39 70 40 70
39 18 39 17
69 16 69 15
67 13 68 13
57 52 56 52
4 51 4 52
83 1 83 0
89 61 89 62
48 24 49 24
62 71 63 71
67 95 68 95
18 56 19 56
92 47 92 48
30 7 31 7
15 47 14 47
90 6 91 6
56 43 56 44
58 57 58 58
85 77 85 78
48 6 49 6
88 34 89 34
67 98 66 98
98 54 99 54
42 14 41 14
95 83 96 83
26 92 26 93
25 39 25 38
85 48 86 48
4 87 5 87
77 36 77 35
24 86 23 86
2 45 3 45
89 73 89 74
63 59 62 59
29 77 29 76
8 11 9 11
22 26 22 27
18 96 18 97
52 76 52 75
11 5 11 6
74 46 74 45
90 48 90 47
48 2 47 2
50 39 50 38
8 86 8 87
36 7 36 8
41 91 41 92
95 59 96 59
22 66 21 66
52 33 53 33
41 26 40 26
79 22 79 23
54 73 54 72
78 93 79 93
12 34 13 34
90 36 91 36
59 55 58 55
19 40 20 40
19 53 18 53
60 65 60 66
67 93 66 93
50 14 50 13
53 60 52 60
84 69 84 70
53 4 53 3
77 8 77 7
34 42 33 42
18 70 17 70
28 41 27 41
21 39 21 40
67 19 66 19
68 64 67 64
55 47 56 47
59 52 59 51
88 37 88 38
72 10 73 10
3 81 2 81
27 78 27 77
62 66 63 66
23 90 24 90
55 98 54 98
10 46 10 45
88 33 88 32
48 40 48 41
52 61 52 62
48 42 48 43
20 17 20 18
33 82 33 81
55 74 55 75
78 7 78 6
68 64 68 63
64 17 64 18
19 83 19 84
20 30 20 29
9 88 9 87
22 54 22 55
39 35 40 35
79 2 79 3
46 11 46 10
63 93 63 94
59 6 59 7
33 63 34 63
42 19 43 19
95 49 94 49
15 42 16 42
61 81 61 82
68 20 68 21
20 8 21 8
91 52 91 51
83 95 83 94
63 38 62 38
56 11 57 11
4 74 4 73
52 38 53 38
39 56 39 55
57 42 57 41
16 87 16 86
5 37 6 37
93 76 92 76
78 94 78 93
3 34 3 33
15 52 15 53
38 70 38 69
48 19 48 20
8 14 8 15
57 41 56 41
60 81 61 81
18 41 19 41
27 63 28 63
37 45 38 45
83 90 84 90
79 8 79 9
36 86 36 87
60 61 60 60
55 55 54 55
29 45 28 45
42 14 42 15
70 92 70 93
43 19 44 19
9 35 9 36
63 60 63 59
60 70 59 70
64 77 64 76
94 70 93 70
91 74 92 74
54 12 55 12
49 13 49 14
94 72 95 72
19 1 18 1
13 11 13 10
16 87 16 86
54 88 54 89
10 53 10 54
39 96 39 97
57 51 58 51
59 78 59 79
50 14 50 13
36 81 37 81
34 85 33 85
13 22 12 22
1 42 1 41
6 21 6 22
57 80 56 80
56 71 56 72
16 87 16 88
8 4 9 4
31 65 31 66
84 50 84 49
17 37 18 37
73 73 74 73
71 19 72 19
76 31 77 31
4 28 4 29
72 59 72 58
61 82 61 83
68 1 68 2
31 91 31 92
35 80 34 80
68 42 67 42
66 32 66 33
33 17 33 18
73 98 73 97
33 16 32 16
92 45 92 46
57 47 57 48
87 65 87 66
64 49 63 49
7 63 7 62
98 30 97 30
3 45 2 45
92 23 92 24
16 30 17 30
59 95 58 95
22 81 22 80
97 61 97 60
24 30 23 30
38 84 38 85
70 71 70 72
77 37 78 37
2 39 2 40
20 26 21 26
24 40 23 40
33 22 33 23
81 76 81 75
96 24 96 25
51 88 50 88
46 78 46 77
30 1 31 1
59 80 60 80
37 50 38 50
44 44 44 43
1 19 2 19
33 28 32 28
8 83 7 83
59 37 60 37
68 97 67 97
96 10 97 10
26 23 25 23
56 21 57 21
57 42 56 42
58 80 58 79
91 37 92 37
70 79 69 79
32 15 32 16
63 30 63 29
15 86 15 85
20 35 20 36
34 15 33 15
1 48 2 48
8 42 9 42
6 5 5 5
34 32 33 32
93 38 93 39
93 93 93 94
44 76 43 76
26 23 26 22
92 96 91 96
48 19 48 18
25 60 25 61
58 45 57 45
32 30 31 30
31 12 31 11
67 48 66 48
16 76 16 75
32 72 32 71
81 40 80 40
22 92 22 93
28 60 29 60
26 11 26 12
10 49 11 49
74 32 74 31
33 78 33 79
50 16 49 16
85 47 85 48
62 85 62 86
28 76 28 75
20 81 20 80
42 82 43 82
77 6 77 7
35 42 34 42
81 17 82 17
48 61 48 60
73 6 72 6
91 59 92 59
59 64 60 64
36 33 37 33
37 16 37 15
29 44 29 43
26 98 25 98
54 28 54 29
18 66 17 66
50 4 50 5
18 51 18 50
80 98 80 99
78 19 77 19
98 88 99 88
97 26 97 27
61 49 61 48
33 72 32 72
68 97 68 96
4 49 4 50
19 22 19 21
13 53 12 53
91 62 91 63
7 63 6 63
73 11 74 11
44 50 44 49
46 92 46 91
31 53 32 53
97 29 97 30
80 94 79 94
32 25 33 25
73 44 74 44
14 27 14 28
7 66 7 65
69 97 69 96
45 85 45 86
30 45 30 46
10 29 10 30
17 46 17 45
12 60 12 61
49 34 48 34
59 60 60 60
34 91 33 91
68 47 68 48
31 45 31 46
43 57 42 57
19 92 20 92
89 13 90 13
35 47 36 47
73 24 73 25
46 48 45 48
90 86 91 86
50 69 50 68
45 85 45 86
39 66 39 65
59 11 58 11
14 72 14 71
96 40 97 40
55 72 56 72
32 36 31 36
54 51 54 50
38 78 38 79
12 53 13 53
90 26 90 27
16 66 16 65
73 97 72 97
5 11 5 10
32 57 31 57
25 5 25 6
17 11 17 12
9 7 10 7
64 17 64 18
56 62 56 61
2 78 2 77
70 82 69 82
77 12 77 11
5 30 6 30
3 97 3 98
6 17 6 16
86 50 85 50
78 58 78 57
42 27 42 28
62 9 62 10
98 33 97 33
84 85 83 85
39 94 40 94
73 74 73 75
2 51 1 51
84 76 83 76
32 9 32 10
68 58 68 57
65 5 66 5
64 63 64 62
20 71 19 71
27 35 26 35
64 81 64 82
19 19 19 18
52 57 52 56
78 59 78 58
91 51 90 51
3 28 4 28
32 79 32 78
56 72 55 72
11 4 12 4
83 43 84 43
93 26 94 26
71 11 72 11
8 39 8 38
76 91 76 90
45 55 45 54
27 1 27 2
17 23 17 24
1 24 0 24
34 47 35 47
53 85 54 85
32 54 33 54
54 74 54 75
6 22 5 22
81 27 80 27
8 38 9 38
71 51 71 50
24 76 25 76
21 66 22 66
64 83 63 83
58 24 58 23
35 45 35 46
32 74 31 74
94 30 95 30
35 31 35 32
95 92 95 91
92 31 92 30
63 53 64 53
59 66 59 65
6 30 7 30
70 20 70 21
16 70 15 70
98 54 98 55
66 49 66 50
13 26 12 26
51 27 52 27
56 68 56 69
97 48 96 48
49 82 49 81
66 48 66 47
23 54 24 54
25 10 26 10
11 33 11 34
95 29 95 30
83 33 82 33
51 45 51 46
60 54 61 54
7 37 8 37
20 19 20 18
85 85 85 84
79 75 79 76
55 87 55 86
48 95 48 94
34 30 34 31
51 96 51 95
5 75 6 75
88 13 89 13
32 46 33 46
92 65 92 66
97 52 97 51
2 54 2 53
19 41 18 41
27 50 28 50
52 79 51 79
87 82 87 83
28 15 29 15
49 15 49 16
67 76 68 76
60 62 59 62
21 97 20 97
46 8 46 9
18 97 18 98
50 26 51 26
78 8 78 7
26 62 26 61
96 23 96 24
65 96 65 97
7 20 8 20
2 40 2 41
89 10 90 10
83 4 83 5
38 66 39 66
37 18 38 18
39 66 40 66
86 40 86 41
80 28 81 28
90 7 91 7
78 49 78 48
46 85 46 86
6 87 6 88
12 21 12 22
20 46 20 45
24 6 24 7
60 46 60 45
45 80 46 80
70 18 71 18
54 86 53 86
31 33 31 32
69 60 69 59
81 57 80 57
63 91 63 92
17 4 17 5
50 24 50 23
72 89 72 90
25 76 25 77
95 90 94 90
32 83 32 84
44 47 44 48
40 11 39 11
67 41 68 41
18 7 18 6
61 31 60 31
5 2 5 3
59 60 59 61
32 52 33 52
14 32 14 31
39 30 38 30
14 27 14 28
86 37 86 38
97 36 97 35
15 81 15 82
18 36 18 35
40 76 40 75
5 39 6 39
33 60 34 60
97 1 97 0
59 15 58 15
55 46 55 45
6 18 6 17
48 44 48 45
23 7 23 8
42 21 43 21
62 21 62 22
70 51 69 51
40 98 39 98
79 59 80 59
76 56 76 57
82 18 81 18
4 72 4 73
74 77 75 77
31 6 31 5
53 88 53 89
33 73 33 72
71 43 71 42
73 5 74 5
55 29 55 30
81 48 81 47
93 96 94 96
9 79 9 78
38 66 37 66
38 62 38 63
91 21 90 21
87 76 88 76
7 74 7 73
37 9 38 9
76 84 77 84
19 88 19 89
81 79 81 78
82 91 83 91
78 60 79 60
1 98 2 98
7 3 6 3
50 47 50 48
25 21 24 21
55 5 56 5
8 51 7 51
48 48 49 48
49 67 48 67
96 41 96 42
81 1 81 2
31 52 30 52
56 77 56 78
3 45 3 44
30 51 30 52
52 48 51 48
8 53 8 54
76 21 77 21
43 25 44 25
63 53 63 52
97 1 97 0
48 47 47 47
97 50 98 50
92 83 91 83
19 7 19 6
34 43 33 43
11 17 12 17
31 41 32 41
97 21 97 22
26 53 26 52
17 40 18 40
59 4 60 4
94 81 93 81
5 96 6 96
54 85 54 84
66 97 67 97
8 10 8 11
94 35 94 36
72 57 72 58
83 75 82 75
73 44 72 44
39 30 38 30
31 15 32 15
23 84 23 85
97 52 98 52
73 30 74 30
63 89 64 89
88 95 87 95
50 57 50 56
86 3 86 4
82 63 81 63
32 79 32 78
23 65 23 66
9 96 9 95
12 34 12 33
87 17 86 17
41 11 42 11
65 90 66 90
23 86 22 86
79 69 78 69
8 9 8 8
62 7 61 7
59 59 58 59
36 46 36 47
11 45 10 45
23 23 22 23
74 51 75 51
73 86 74 86
20 63 19 63
45 68 45 69
77 14 78 14
65 40 64 40
39 12 38 12
74 42 74 43
74 95 74 94
57 37 57 38
69 60 70 60
39 75 39 74
10 86 10 85
5 73 5 74
92 17 92 18
75 84 75 83
86 34 85 34
74 38 74 39
29 32 29 33
70 75 69 75
52 87 53 87
33 6 33 5
31 44 30 44
34 49 33 49
17 31 17 32
42 60 42 61
11 66 11 67
5 56 6 56
51 73 51 72
79 80 80 80
18 49 17 49
3 83 2 83
57 1 57 0
66 58 66 57
24 90 25 90
93 57 94 57
85 26 85 27
43 91 43 92
36 36 37 36
39 86 38 86
80 78 79 78
68 80 68 81
74 76 75 76
13 64 12 64
58 65 59 65
15 90 15 89
67 92 67 93
75 29 74 29
58 30 57 30
98 12 98 13
33 74 33 73
3 43 3 44
32 56 33 56
65 73 65 74
9 61 9 60
53 95 52 95
91 16 91 17
16 35 16 36
5 12 5 11
10 51 10 52
62 96 63 96
52 6 52 5
51 87 51 88
50 58 49 58
92 87 93 87
69 17 68 17
64 52 65 52
14 89 14 90
26 52 26 53
56 4 56 3
3 6 3 7
95 54 96 54
77 23 78 23
65 49 65 48
11 71 10 71
53 91 54 91
60 21 60 20
6 84 6 83
75 38 74 38
79 68 79 67
38 5 38 6
12 21 12 22
90 81 90 82
34 58 33 58
54 5 54 4
7 45 8 45
44 24 45 24
18 12 17 12
13 20 13 19
41 64 41 65
3 50 3 51
31 95 32 95
71 14 71 15
71 50 72 50
72 2 72 1
53 50 54 50
17 56 18 56
15 73 14 73
93 39 94 39
46 61 46 62
68 21 68 20
82 90 83 90
34 10 34 9
32 84 33 84
34 21 35 21
8 60 8 59
17 80 18 80
39 95 38 95
55 58 55 59
96 7 97 7
72 49 72 50
84 93 84 92
40 36 41 36
46 86 46 85
12 97 12 98
32 90 32 89
13 46 14 46
92 9 92 8
87 69 87 68
6 73 6 72
67 2 67 3
85 13 84 13
1 74 2 74
60 14 61 14
48 9 49 9
52 24 52 25
78 13 78 12
91 62 92 62
48 85 49 85
16 83 17 83
10 82 10 83
21 24 22 24
37 14 36 14
78 28 77 28
77 90 78 90
2 82 2 83
89 25 89 26
39 20 39 19
48 80 48 81
14 79 15 79
44 2 44 3
58 93 59 93
22 3 22 2
60 30 59 30
9 28 10 28
32 31 32 30
67 67 66 67
74 66 75 66
58 5 57 5
23 53 24 53
87 63 88 63
31 8 31 7
22 71 23 71
56 69 57 69
35 45 36 45
38 76 39 76
14 70 13 70
43 40 44 40
95 17 95 18
41 70 41 69
77 3 78 3
4 41 4 42
7 27 7 28
13 57 13 58
64 69 65 69
97 58 96 58
87 82 88 82
98 97 99 97
82 33 82 32
1 9 1 10
3 25 3 24
36 82 37 82
62 72 63 72
58 6 58 7
66 51 66 52
8 82 7 82
38 46 39 46
94 26 94 27
72 61 72 62
5 71 6 71
16 42 16 41
55 94 56 94
90 95 91 95
36 76 36 75
88 71 88 70
14 85 14 84
55 65 55 66
58 62 59 62
13 23 13 24
80 60 79 60
14 11 14 12
52 97 52 96
25 84 25 85
74 86 74 85
77 49 76 49
76 2 77 2
63 50 63 49
79 35 78 35
21 51 20 51
7 28 7 27
24 23 24 22
73 15 74 15
83 2 83 3
37 21 38 21
75 18 75 17
71 25 70 25
43 85 43 86
26 40 25 40
92 78 93 78
23 43 24 43
25 84 25 85
15 42 15 41
23 1 23 0
49 70 49 71
52 9 52 8
44 18 44 17
35 78 35 79
21 60 22 60
50 61 49 61
57 91 56 91
72 24 72 23
40 53 40 52
96 39 97 39
46 84 47 84
86 77 87 77
70 83 69 83
56 28 56 27
97 69 98 69
17 86 16 86
44 7 44 8
33 82 32 82
85 8 86 8
5 96 5 95
12 22 13 22
25 25 24 25
65 79 64 79
87 53 87 54
81 8 82 8
67 31 66 31
42 55 43 55
5 66 5 67
40 46 39 46
59 44 59 45
57 64 57 65
46 93 47 93
56 8 56 7
34 73 33 73
4 50 5 50
61 26 61 27
70 79 70 80
23 29 22 29
79 22 79 23
59 96 58 96
26 6 26 7
10 91 10 92
1 19 2 19
89 52 89 51
27 14 27 15
41 5 40 5
26 45 26 44
90 6 90 7
76 40 76 41
38 84 39 84
96 22 97 22
85 89 84 89
73 1 73 2
28 29 28 30
13 1 13 2
21 71 21 70
67 95 67 96
95 86 96 86
80 74 80 75
25 91 25 90
41 15 40 15
72 16 72 17
7 72 7 73
46 72 45 72
14 60 14 59
8 75 8 74
93 57 94 57
40 59 39 59
17 37 16 37
76 16 75 16
55 56 54 56
55 46 56 46
90 74 90 75
64 92 64 93
38 97 38 98
60 31 61 31
76 69 77 69
17 8 17 7
95 2 95 3
58 86 59 86
27 38 27 37
19 11 20 11
68 12 69 12
22 53 23 53
28 98 28 99
33 44 34 44
72 30 72 31
43 96 42 96
97 96 98 96
22 81 22 80
8 15 9 15
80 87 79 87
55 76 54 76
67 5 68 5
88 77 87 77
69 57 69 58
81 19 81 18
52 29 52 30
92 72 92 71
16 65 16 64
4 38 3 38
37 8 36 8
48 46 47 46
86 65 86 66
36 91 35 91
8 71 8 70
44 45 45 45
36 63 36 62
98 97 97 97
30 53 30 54
61 21 61 22
59 56 60 56
59 66 58 66
95 65 95 66
49 25 50 25
80 18 79 18
81 19 81 20
45 46 44 46
33 31 33 30
40 3 40 2
56 59 56 58
84 44 83 44
91 96 90 96
35 55 36 55
30 77 30 76
80 50 79 50
31 70 32 70
29 86 28 86
25 13 26 13
94 81 95 81
6 53 6 52
19 93 18 93
60 82 61 82
8 80 7 80
92 98 91 98
5 25 5 24
9 49 10 49
88 41 88 42
38 22 38 21
40 36 40 35
30 29 29 29
95 49 96 49
47 37 47 36
77 68 77 67
7 68 6 68
12 56 12 55
68 46 69 46
40 67 40 66
50 67 50 66
22 20 21 20
85 79 86 79
85 29 85 28
56 55 56 54
65 81 65 80
40 57 40 58
8 59 8 60
1 74 0 74
39 79 40 79
83 10 82 10
31 47 31 48
47 85 47 84
20 36 19 36
94 17 94 18
43 71 44 71
46 5 45 5
16 24 16 25
59 88 58 88
52 8 53 8
10 39 9 39
81 77 81 78
32 79 33 79
28 92 29 92
71 75 71 76
17 75 18 75
21 46 20 46
48 4 48 5
58 12 57 12
89 91 89 92
18 49 18 48
8 5 7 5
24 29 24 28
68 16 68 15
24 5 23 5
62 20 62 19
15 72 14 72
87 43 88 43
30 30 30 29
76 57 76 56
73 92 72 92
73 9 73 8
74 71 75 71
2 96 2 95
77 38 78 38
81 2 81 3
71 22 71 21
74 65 74 64
89 98 89 99
64 61 64 60
53 13 52 13
13 30 13 29
27 5 26 5
76 46 77 46
97 79 97 80
49 7 48 7
56 98 56 97
85 75 85 74
90 10 89 10
43 23 43 22
50 60 51 60
94 23 94 24
91 61 92 61
4 65 5 65
26 86 27 86
86 11 85 11
12 25 12 26
33 8 33 9
35 54 36 54
58 16 57 16
28 27 29 27
4 23 4 24
81 63 81 64
43 23 44 23
54 12 54 13
89 47 89 46
12 67 12 68
68 87 67 87
26 36 26 35
46 4 47 4
32 55 32 54
48 87 48 88
60 92 59 92
94 71 93 71
82 27 82 26
10 56 10 55
91 86 92 86
8 40 7 40
40 73 41 73
56 47 55 47
40 10 40 11
62 21 63 21
74 1 73 1
26 27 26 26
77 12 77 13
53 66 53 67
86 73 86 72
49 57 49 56
66 46 67 46
18 69 18 68
70 13 70 14
45 51 46 51
85 5 84 5
64 88 63 88
51 20 52 20
24 66 23 66
95 51 96 51
67 51 67 50
90 76 90 77
23 53 23 52
30 95 30 94
79 67 78 67
97 90 97 89
37 65 37 64
19 27 19 28
5 35 4 35
93 87 92 87
7 82 6 82
64 18 64 19
60 79 60 80
29 88 28 88
54 22 53 22
38 59 37 59
20 65 21 65
27 81 28 81
28 17 27 17
49 81 48 81
97 52 97 51
47 43 48 43
42 42 42 41
81 8 81 7
59 98 60 98
12 2 11 2
63 88 62 88
25 50 25 51
78 15 78 14
67 56 66 56
97 59 98 59
6 71 5 71
90 94 90 93
54 9 54 8
45 75 45 76
8 78 8 77
17 27 16 27
21 58 20 58
79 73 79 74
89 14 88 14
68 22 68 23
9 2 8 2
19 29 18 29
69 5 70 5
77 91 77 92
92 14 92 15
48 43 49 43
93 85 94 85
32 11 33 11
22 89 22 88
12 11 13 11
17 96 16 96
58 97 58 96
47 32 48 32
23 75 24 75
55 10 55 9
68 69 69 69
8 70 7 70
36 1 36 2
54 25 53 25
46 91 46 90
65 65 65 64
22 95 22 94
38 63 38 62
65 83 65 84
15 7 14 7
9 40 9 41
83 50 83 49
43 74 42 74
91 19 91 20
65 54 66 54
71 33 71 34
44 84 44 83
23 6 22 6
93 13 93 14
16 93 16 94
98 90 98 89
36 16 36 15
49 16 50 16
67 95 67 96
94 65 93 65
64 44 63 44
42 13 41 13
71 32 71 33
32 63 32 62
6 22 5 22
2 55 2 54
40 71 41 71
46 19 45 19
81 25 80 25
23 98 23 97
56 88 56 87
27 21 28 21
52 97 53 97
23 31 23 32
19 79 19 78
73 42 74 42
87 41 87 40
31 25 32 25
37 5 38 5
17 4 17 5
7 45 7 46
19 55 20 55
21 70 21 69
95 23 94 23
92 34 92 33
43 7 43 6
88 20 88 21
83 7 83 8
81 54 80 54
3 2 2 2
3 4 4 4
48 27 48 28
6 91 5 91
29 39 30 39
72 23 73 23
74 26 74 25
69 28 70 28
73 91 72 91
41 21 41 22
85 64 84 64
70 62 69 62
2 59 2 58
74 46 74 45
53 19 52 19
14 60 14 59
22 83 21 83
50 3 50 4
1 86 2 86
38 36 38 35
8 61 8 62
8 73 9 73
1 64 1 65
5 32 4 32
94 50 93 50
75 40 74 40
3 31 3 32
36 81 36 80
93 1 94 1
79 93 79 94
28 93 28 94
65 7 66 7
70 80 70 79
83 5 82 5
51 13 50 13
64 77 64 78
20 15 20 16
33 24 32 24
14 69 14 70
10 24 10 23
60 97 61 97
91 63 91 62
33 89 33 88
62 23 62 22
67 4 68 4
32 14 32 15
10 16 10 15
90 13 90 12
85 29 86 29
98 88 98 87
14 58 13 58
42 67 41 67
58 75 58 76
12 68 11 68
60 77 60 78
33 49 33 50
61 49 61 50
13 49 13 48
81 90 80 90
9 23 9 24
56 4 55 4
94 50 94 49
6 98 5 98
65 84 64 84
58 96 59 96
58 39 58 40
10 65 11 65
55 41 55 42
55 83 55 84
86 81 85 81
73 91 72 91
22 52 23 52
33 28 33 29
96 18 96 17
93 94 92 94
21 77 21 78
3 40 2 40
85 70 84 70
35 64 36 64
53 33 53 32
38 42 38 41
24 68 25 68
80 80 79 80
78 21 78 20
16 26 15 26
88 88 89 88
67 97 67 98
95 83 94 83
70 72 71 72
23 54 23 55
77 22 76 22
43 89 42 89
42 97 43 97
19 48 20 48
85 75 84 75
92 94 92 95
84 21 84 20
76 28 77 28
62 37 62 36
